[gd_scene load_steps=7 format=2]

[ext_resource path="res://models/battletest temp 2.glb" type="PackedScene" id=1]
[ext_resource path="res://eggry.tscn" type="PackedScene" id=2]
[ext_resource path="res://magnut.tscn" type="PackedScene" id=3]
[ext_resource path="res://hud.tscn" type="PackedScene" id=4]
[ext_resource path="res://battletest temp 2.gd" type="Script" id=5]

[sub_resource type="CubeMesh" id=1]

[node name="battletest temp 2" instance=ExtResource( 1 )]
script = ExtResource( 5 )

[node name="Circle" parent="." index="0"]
transform = Transform( 29.2912, 0, 0, 0, 29.2912, 0, 0, 0, 29.2912, 0, 22.535, 0 )

[node name="Circle001" parent="." index="1"]
transform = Transform( 46.758, 0, 0, 0, 46.758, 0, 0, 0, 46.758, 0, 36.0995, 0 )

[node name="Camera" type="Camera" parent="." index="2"]
transform = Transform( 0.450831, -0.034312, 0.89195, 0, 0.999261, 0.0384401, -0.89261, -0.01733, 0.450498, 22.053, 25.717, 20.975 )
fov = 53.7

[node name="Position3D" type="Position3D" parent="." index="3"]
transform = Transform( -0.611223, 0, 0.791458, 0, 1, 0, -0.791458, 0, -0.611223, 15.3468, 23.9474, 18.0093 )

[node name="MeshInstance" type="MeshInstance" parent="Position3D" index="0"]
visible = false
mesh = SubResource( 1 )
material/0 = null

[node name="magnut" parent="Position3D" index="1" instance=ExtResource( 3 )]

[node name="Position3D2" type="Position3D" parent="." index="4"]
transform = Transform( 0.970317, 0, 0.241837, 0, 1, 0, -0.241837, 0, 0.970317, -5.30317, 23.137, -11.8468 )

[node name="MeshInstance" type="MeshInstance" parent="Position3D2" index="0"]
visible = false
mesh = SubResource( 1 )
material/0 = null

[node name="eggry" parent="Position3D2" index="1" instance=ExtResource( 2 )]

[node name="hud" parent="." index="5" instance=ExtResource( 4 )]
